# Created by Octave 3.6.4, Mon Mar 17 20:49:32 2014 EDT <binroot@Erdos>
# name: res1_indices
# type: matrix
# rows: 11
# columns: 2
 47 19
 55 60
 60 55
 69 55
 55 69
 55 66
 66 55
 19 69
 69 19
 57 4
 4 57


