# Created by Octave 3.6.4, Mon Mar 17 20:49:32 2014 EDT <binroot@Erdos>
# name: res1
# type: matrix
# rows: 11
# columns: 1
 7.456176767818276e-08
 7.573047971993395e-08
 7.573047971993395e-08
 7.63642640133423e-08
 7.636426401334233e-08
 8.231023644046814e-08
 8.231023644046814e-08
 8.591710174432718e-08
 8.591710174432723e-08
 9.213035766939928e-08
 9.213035766940012e-08


