# Created by Octave 3.6.4, Mon Mar 17 20:49:32 2014 EDT <binroot@Erdos>
# name: res2_indices
# type: matrix
# rows: 11
# columns: 2
 27 14
 45 14
 14 45
 14 18
 18 14
 14 92
 92 14
 11 14
 14 11
 14 41
 41 14


