# Created by Octave 3.6.4, Mon Mar 17 20:49:32 2014 EDT <binroot@Erdos>
# name: res2
# type: matrix
# rows: 11
# columns: 1
 8.37352417737798e-09
 9.009408816529407e-09
 9.009408816529409e-09
 9.241289487406453e-09
 9.241289487406454e-09
 9.480044786117091e-09
 9.480044786117091e-09
 3.01578214186524e-08
 3.01578214186524e-08
 3.330070966606668e-08
 3.330070966606668e-08


