# Created by Octave 3.6.4, Fri Mar 07 10:49:08 2014 EST <binroot@Erdos>
# name: res1
# type: matrix
# rows: 11
# columns: 1
 0.3524911632529993
 0.3877602413942822
 0.3877602413942823
 0.3924231105182637
 0.3924231105182638
 0.3953849678595885
 0.3953849678595886
 0.4208445191256677
 0.4208445191256678
 0.4301692526656847
 0.4301692526656847


