# Created by Octave 3.6.4, Fri Mar 07 10:49:08 2014 EST <binroot@Erdos>
# name: res1_indices
# type: matrix
# rows: 11
# columns: 2
 8 32
 32 4
 4 32
 32 34
 34 32
 32 25
 25 32
 32 17
 17 32
 32 41
 41 32


