# Created by Octave 3.6.4, Sat Feb 22 10:52:04 2014 EST <binroot@Erdos>
# name: res1_indices
# type: matrix
# rows: 11
# columns: 2
 10 6
 3 9
 9 3
 1 7
 7 1
 3 6
 6 3
 2 8
 8 2
 2 4
 4 2


