# Created by Octave 3.6.4, Wed Apr 30 09:35:01 2014 EDT <binroot@Erdos>
# name: res1
# type: matrix
# rows: 11
# columns: 1
 2.869183500234405e-14
 3.845916769491743e-14
 3.845916769491743e-14
 5.913901640311792e-14
 5.913901640311792e-14
 8.770159691379529e-14
 8.770159691379529e-14
 1.030016268511431e-13
 1.030016268511431e-13
 3.911077555645384e-08
 3.911077555645384e-08


