# Created by Octave 3.6.4, Sat Feb 22 10:52:04 2014 EST <binroot@Erdos>
# name: res1
# type: matrix
# rows: 11
# columns: 1
 8.387235632204664e-15
 2.269740973549027e-14
 2.269740973549027e-14
 4.877517716472213e-14
 4.877517716472213e-14
 9.88196084819362e-14
 9.88196084819362e-14
 2.328491385938454e-13
 2.328491385938454e-13
 2.543335512206266e-12
 2.543335512206266e-12


