# Created by Octave 3.6.4, Wed Apr 30 09:35:01 2014 EDT <binroot@Erdos>
# name: res2_indices
# type: matrix
# rows: 11
# columns: 2
 9 7
 4 10
 10 4
 7 8
 8 7
 5 7
 7 5
 4 7
 7 4
 3 9
 9 3


