# Created by Octave 3.6.4, Fri Mar 07 10:49:08 2014 EST <binroot@Erdos>
# name: res2
# type: matrix
# rows: 11
# columns: 1
 0.3524911632529811
 0.3877602413942752
 0.3877602413942752
 0.3924231105182152
 0.3924231105182152
 0.395384967859635
 0.3953849678596351
 0.4208445191256694
 0.4208445191256695
 0.4301692526656558
 0.4301692526656559


