# Created by Octave 3.2.4, Thu Aug 19 15:43:49 2010 Eastern Daylight Time <unknown@unknown>
# name: entrez
# type: matrix
# rows: 8141
# columns: 1
 2
 9
 10
 12
 14
 15
 16
 18
 19
 20
 21
 22
 23
 24
 25
 26
 27
 29
 30
 31
 32
 33
 34
 36
 37
 38
 39
 40
 41
 43
 47
 48
 49
 50
 51
 52
 53
 54
 55
 58
 59
 60
 70
 71
 72
 81
 86
 87
 88
 89
 90
 91
 92
 93
 94
 95
 100
 102
 103
 104
 105
 108
 109
 112
 113
 114
 116
 117
 118
 119
 120
 124
 125
 126
 128
 130
 131
 132
 133
 134
 135
 141
 142
 143
 147
 148
 150
 151
 152
 153
 154
 155
 156
 157
 158
 159
 161
 162
 163
 164
 165
 166
 167
 173
 174
 175
 176
 177
 178
 181
 182
 183
 185
 186
 187
 189
 190
 191
 196
 197
 203
 204
 205
 207
 208
 210
 211
 212
 213
 214
 215
 216
 217
 218
 219
 221
 222
 223
 224
 225
 226
 229
 230
 231
 238
 239
 240
 241
 242
 248
 249
 250
 258
 259
 266
 267
 268
 269
 270
 271
 273
 274
 275
 276
 279
 280
 283
 284
 285
 286
 287
 288
 290
 291
 292
 301
 302
 306
 307
 308
 309
 310
 311
 312
 316
 317
 318
 319
 320
 321
 322
 324
 325
 326
 327
 328
 329
 330
 331
 332
 333
 334
 335
 336
 337
 338
 339
 341
 344
 345
 347
 348
 350
 351
 353
 354
 355
 356
 357
 358
 359
 360
 361
 363
 364
 366
 367
 368
 369
 372
 373
 374
 375
 377
 378
 379
 381
 382
 383
 384
 387
 388
 390
 391
 392
 393
 394
 396
 397
 399
 400
 402
 403
 405
 406
 407
 408
 409
 410
 411
 414
 415
 416
 417
 419
 421
 427
 429
 432
 433
 434
 435
 438
 439
 440
 443
 444
 445
 462
 463
 466
 467
 468
 471
 472
 473
 475
 476
 477
 478
 481
 482
 487
 488
 491
 493
 496
 498
 501
 506
 509
 513
 514
 515
 516
 518
 521
 522
 523
 525
 526
 527
 529
 533
 537
 538
 539
 540
 545
 546
 547
 549
 550
 552
 553
 558
 563
 566
 570
 571
 572
 573
 574
 576
 577
 578
 580
 581
 585
 586
 587
 590
 593
 594
 595
 596
 597
 598
 599
 602
 604
 605
 607
 608
 611
 613
 617
 624
 627
 629
 631
 633
 634
 635
 636
 637
 638
 639
 640
 641
 642
 643
 645
 646
 648
 649
 650
 651
 652
 653
 654
 655
 656
 657
 658
 659
 660
 661
 662
 663
 664
 665
 666
 667
 669
 670
 671
 672
 673
 675
 676
 677
 682
 683
 685
 687
 688
 689
 694
 695
 696
 699
 701
 705
 708
 710
 712
 713
 715
 716
 717
 718
 719
 720
 721
 722
 725
 726
 727
 728
 729
 730
 731
 732
 733
 735
 738
 740
 744
 746
 747
 750
 752
 754
 760
 762
 765
 767
 768
 771
 774
 775
 776
 777
 778
 779
 780
 784
 785
 788
 790
 793
 794
 796
 799
 800
 801
 808
 810
 811
 813
 814
 815
 816
 817
 818
 819
 820
 821
 822
 823
 824
 825
 826
 827
 829
 830
 831
 832
 833
 834
 835
 836
 837
 838
 839
 840
 841
 842
 843
 844
 845
 846
 847
 857
 858
 859
 860
 861
 862
 863
 864
 866
 867
 871
 873
 874
 875
 883
 885
 887
 889
 890
 892
 894
 896
 898
 899
 900
 901
 902
 904
 905
 908
 909
 910
 911
 912
 914
 915
 916
 917
 919
 920
 921
 922
 923
 924
 925
 926
 928
 929
 930
 931
 932
 933
 934
 939
 940
 941
 942
 943
 944
 945
 946
 947
 948
 949
 950
 951
 952
 953
 954
 958
 959
 960
 961
 962
 963
 965
 966
 967
 968
 969
 970
 971
 972
 973
 974
 975
 976
 977
 978
 983
 984
 987
 988
 989
 990
 991
 993
 994
 995
 996
 997
 998
 999
 1000
 1001
 1002
 1003
 1004
 1005
 1006
 1007
 1008
 1009
 1010
 1012
 1013
 1014
 1016
 1017
 1018
 1019
 1020
 1021
 1022
 1025
 1026
 1027
 1028
 1029
 1030
 1031
 1032
 1033
 1038
 1039
 1040
 1041
 1043
 1044
 1045
 1046
 1047
 1048
 1050
 1051
 1052
 1053
 1054
 1056
 1058
 1059
 1060
 1062
 1063
 1066
 1069
 1070
 1071
 1072
 1075
 1080
 1081
 1084
 1088
 1101
 1102
 1103
 1104
 1105
 1108
 1109
 1111
 1113
 1114
 1116
 1117
 1119
 1121
 1122
 1123
 1124
 1129
 1130
 1131
 1132
 1134
 1135
 1136
 1137
 1138
 1139
 1140
 1141
 1143
 1144
 1145
 1146
 1147
 1149
 1152
 1153
 1154
 1155
 1158
 1159
 1160
 1161
 1163
 1164
 1173
 1174
 1175
 1176
 1179
 1180
 1182
 1183
 1184
 1185
 1186
 1187
 1188
 1191
 1192
 1193
 1195
 1196
 1198
 1200
 1201
 1203
 1207
 1208
 1209
 1211
 1212
 1213
 1215
 1230
 1231
 1232
 1233
 1234
 1235
 1236
 1237
 1238
 1241
 1244
 1258
 1259
 1263
 1264
 1268
 1269
 1270
 1271
 1272
 1277
 1278
 1280
 1281
 1282
 1284
 1285
 1286
 1287
 1288
 1289
 1290
 1291
 1293
 1294
 1295
 1297
 1298
 1299
 1300
 1301
 1305
 1308
 1311
 1312
 1314
 1315
 1316
 1317
 1318
 1325
 1326
 1327
 1329
 1340
 1345
 1347
 1350
 1351
 1352
 1353
 1355
 1356
 1357
 1358
 1359
 1360
 1361
 1362
 1363
 1364
 1365
 1366
 1369
 1371
 1373
 1375
 1376
 1378
 1380
 1381
 1382
 1384
 1385
 1386
 1387
 1388
 1389
 1390
 1392
 1393
 1394
 1395
 1397
 1398
 1399
 1400
 1401
 1404
 1406
 1407
 1408
 1409
 1410
 1411
 1412
 1413
 1415
 1417
 1420
 1429
 1431
 1432
 1434
 1435
 1436
 1437
 1438
 1439
 1440
 1441
 1442
 1443
 1444
 1445
 1446
 1447
 1448
 1452
 1453
 1454
 1455
 1456
 1457
 1459
 1460
 1462
 1463
 1464
 1465
 1466
 1468
 1469
 1470
 1471
 1473
 1475
 1476
 1477
 1478
 1479
 1482
 1485
 1487
 1488
 1489
 1490
 1493
 1495
 1497
 1499
 1500
 1501
 1503
 1504
 1506
 1508
 1509
 1510
 1511
 1512
 1513
 1514
 1515
 1520
 1522
 1523
 1524
 1525
 1527
 1528
 1535
 1536
 1537
 1540
 1543
 1544
 1545
 1548
 1549
 1551
 1555
 1556
 1557
 1558
 1559
 1562
 1571
 1572
 1573
 1577
 1580
 1581
 1583
 1584
 1585
 1586
 1588
 1589
 1591
 1593
 1594
 1595
 1600
 1601
 1602
 1603
 1604
 1605
 1606
 1608
 1609
 1611
 1612
 1615
 1616
 1617
 1618
 1620
 1621
 1622
 1627
 1628
 1629
 1630
 1633
 1634
 1635
 1636
 1638
 1639
 1641
 1642
 1643
 1644
 1646
 1647
 1649
 1650
 1652
 1653
 1654
 1655
 1656
 1659
 1660
 1662
 1663
 1665
 1667
 1668
 1672
 1673
 1674
 1675
 1676
 1677
 1678
 1687
 1716
 1717
 1718
 1719
 1725
 1727
 1728
 1729
 1730
 1734
 1736
 1737
 1738
 1739
 1740
 1741
 1742
 1743
 1746
 1748
 1749
 1755
 1756
 1758
 1759
 1760
 1761
 1763
 1773
 1774
 1775
 1776
 1777
 1778
 1780
 1781
 1783
 1785
 1786
 1787
 1788
 1789
 1791
 1793
 1794
 1795
 1796
 1797
 1798
 1800
 1801
 1802
 1803
 1804
 1805
 1806
 1807
 1808
 1809
 1810
 1811
 1812
 1813
 1814
 1815
 1816
 1819
 1820
 1821
 1822
 1823
 1824
 1825
 1826
 1827
 1828
 1829
 1830
 1831
 1832
 1834
 1836
 1837
 1838
 1839
 1841
 1843
 1844
 1845
 1846
 1847
 1848
 1849
 1850
 1852
 1854
 1856
 1857
 1859
 1861
 1869
 1870
 1871
 1874
 1875
 1876
 1877
 1880
 1891
 1892
 1894
 1896
 1901
 1902
 1903
 1906
 1907
 1908
 1909
 1910
 1912
 1915
 1917
 1933
 1936
 1937
 1939
 1942
 1944
 1945
 1946
 1947
 1948
 1949
 1950
 1951
 1952
 1953
 1956
 1958
 1959
 1960
 1961
 1962
 1964
 1965
 1967
 1968
 1969
 1973
 1974
 1975
 1977
 1978
 1979
 1981
 1982
 1983
 1984
 1991
 1992
 1993
 1994
 1995
 1996
 1997
 1998
 1999
 2000
 2001
 2004
 2005
 2006
 2009
 2010
 2011
 2012
 2013
 2014
 2015
 2017
 2018
 2019
 2020
 2021
 2022
 2023
 2027
 2028
 2029
 2030
 2033
 2034
 2035
 2036
 2037
 2038
 2039
 2040
 2042
 2043
 2045
 2047
 2048
 2049
